# Directed graph: C:\Workspaces\PyCharm\Disinformation-Analysis\output\ego_nets\110581012109008817546_ego.txt 
# Ego Network for ego node 110581012109008817546
# Nodes: 628 Edges: 2869
# FromNodeId	ToNodeId
0	1
0	2
0	3
0	4
0	5
0	6
0	7
0	8
0	9
0	10
0	11
0	12
0	13
0	14
0	15
0	16
0	17
0	18
0	19
0	20
0	21
0	22
0	23
0	24
0	25
0	26
0	27
0	28
0	29
0	30
0	31
0	32
0	33
0	34
0	35
0	36
0	37
0	38
0	39
0	40
0	41
0	42
0	43
0	44
0	45
0	46
0	47
0	48
0	49
0	50
0	51
0	52
0	53
0	54
0	55
0	56
0	57
0	58
0	59
0	60
0	61
0	62
0	63
0	64
0	65
0	66
0	67
0	68
0	69
0	70
0	71
0	72
0	73
0	74
0	75
0	76
0	77
0	78
0	79
0	80
0	81
0	82
0	83
0	84
0	85
0	86
0	87
0	88
0	89
0	90
0	91
0	92
0	93
0	94
0	95
0	96
0	97
0	98
0	99
0	100
0	101
0	102
0	103
0	104
0	105
0	106
0	107
0	108
0	109
0	110
0	111
0	112
0	113
0	114
0	115
0	116
0	117
0	118
0	119
0	120
0	121
0	122
0	123
0	124
0	125
0	126
0	127
0	128
0	129
0	130
0	131
0	132
0	133
0	134
0	135
0	136
0	137
0	138
0	139
0	140
0	141
0	142
0	143
0	144
0	145
0	146
0	147
0	148
0	149
0	150
0	151
0	152
0	153
0	154
0	155
0	156
0	157
0	158
0	159
0	160
0	161
0	162
0	163
0	164
0	165
0	166
0	167
0	168
0	169
0	170
0	171
0	172
0	173
0	174
0	175
0	176
0	177
0	178
0	179
0	180
0	181
0	182
0	183
0	184
0	185
0	186
0	187
0	188
0	189
0	190
0	191
0	192
0	193
0	194
0	195
0	196
0	197
0	198
0	199
0	200
0	201
0	202
0	203
0	204
0	205
0	206
0	207
0	208
0	209
0	210
0	211
0	212
0	213
0	214
0	215
0	216
0	217
0	218
0	219
0	220
0	221
0	222
0	223
0	224
0	225
0	226
0	227
0	228
0	229
0	230
0	231
0	232
0	233
0	234
0	235
0	236
0	237
0	238
0	239
0	240
0	241
0	242
0	243
0	244
0	245
0	246
0	247
0	248
0	249
0	250
0	251
0	252
0	253
0	254
0	255
0	256
0	257
0	258
0	259
0	260
0	261
0	262
0	263
0	264
0	265
0	266
0	267
0	268
0	269
0	270
0	271
0	272
0	273
0	274
0	275
0	276
0	277
0	278
0	279
0	280
0	281
0	282
0	283
0	284
0	285
0	286
0	287
0	288
0	289
0	290
0	291
0	292
0	293
0	294
0	295
0	296
0	297
0	298
0	299
0	300
0	301
0	302
0	303
0	304
0	305
0	306
0	307
0	308
0	309
0	310
0	311
0	312
0	313
0	314
0	315
0	316
0	317
0	318
0	319
0	320
0	321
0	322
0	323
0	324
0	325
0	326
0	327
0	328
0	329
0	330
0	331
0	332
0	333
0	334
0	335
0	336
0	337
0	338
0	339
0	340
0	341
0	342
0	343
0	344
0	345
0	346
0	347
0	348
0	349
0	350
0	351
0	352
0	353
0	354
0	355
0	356
0	357
0	358
0	359
0	360
0	361
0	362
0	363
0	364
0	365
0	366
0	367
0	368
0	369
0	370
0	371
0	372
0	373
0	374
0	375
0	376
0	377
0	378
0	379
0	380
0	381
0	382
0	383
0	384
0	385
0	386
0	387
0	388
0	389
0	390
0	391
0	392
0	393
0	394
0	395
0	396
0	397
0	398
0	399
0	400
0	401
0	402
0	403
0	404
0	405
0	406
0	407
0	408
0	409
0	410
0	411
0	412
0	413
0	414
0	415
0	416
0	417
0	418
0	419
0	420
0	421
0	422
0	423
0	424
0	425
0	426
0	427
0	428
0	429
0	430
0	431
0	432
0	433
0	434
0	435
0	436
0	437
0	438
0	439
0	440
0	441
0	442
0	443
0	444
0	445
0	446
0	447
0	448
0	449
0	450
0	451
0	452
0	453
0	454
0	455
0	456
0	457
0	458
0	459
0	460
0	461
0	462
0	463
0	464
0	465
0	466
0	467
0	468
0	469
0	470
0	471
0	472
0	473
0	474
0	475
0	476
0	477
0	478
0	479
0	480
0	481
0	482
0	483
0	484
0	485
0	486
0	487
0	488
0	489
0	490
0	491
0	492
0	493
0	494
0	495
0	496
0	497
0	498
0	499
0	500
0	501
0	502
0	503
0	504
0	505
0	506
0	507
0	508
0	509
0	510
0	511
0	512
0	513
0	514
0	515
0	516
0	517
0	518
0	519
0	520
0	521
0	522
0	523
0	524
0	525
0	526
0	527
0	528
0	529
0	530
0	531
0	532
0	533
0	534
0	535
0	536
0	537
0	538
0	539
0	540
0	541
0	542
0	543
0	544
0	545
0	546
0	547
0	548
0	549
0	550
0	551
0	552
0	553
0	554
0	555
0	556
0	557
0	558
0	559
0	560
0	561
0	562
0	563
0	564
0	565
0	566
0	567
0	568
0	569
0	570
0	571
0	572
0	573
0	574
0	575
0	576
0	577
0	578
0	579
0	580
0	581
0	582
0	583
0	584
0	585
0	586
0	587
0	588
0	589
0	590
0	591
0	592
0	593
0	594
0	595
0	596
0	597
0	598
0	599
0	600
0	601
0	602
0	603
0	604
0	605
0	606
0	607
0	608
0	609
0	610
0	611
0	612
0	613
0	614
0	615
0	616
0	617
0	618
0	619
0	620
0	621
0	622
0	623
0	624
0	625
0	626
0	627
577	252
167	187
439	40
41	535
487	623
17	439
535	183
292	382
252	195
527	70
302	623
496	613
552	70
487	503
116	189
455	170
439	17
496	99
439	422
439	432
157	489
264	382
167	256
567	246
439	409
167	415
455	96
151	482
496	490
487	182
167	534
439	287
496	59
382	585
439	364
196	186
487	561
479	513
439	624
68	523
455	587
455	85
439	84
44	251
48	252
187	48
252	105
567	427
252	44
482	81
567	565
567	368
382	485
567	503
567	615
455	569
382	534
482	400
496	458
567	421
455	120
439	130
307	513
439	276
382	317
567	484
487	426
167	475
485	382
167	499
402	141
487	165
567	61
439	477
167	336
455	213
523	288
392	72
167	589
44	105
478	179
567	67
292	179
96	252
482	287
439	383
567	62
455	586
455	166
439	451
536	150
382	245
588	623
382	430
41	351
567	377
588	252
382	318
141	624
4	567
252	20
482	598
567	134
439	10
455	314
382	589
455	601
167	478
623	513
426	553
439	172
455	452
382	434
455	18
588	536
382	135
455	5
382	416
496	166
70	417
264	141
455	605
496	559
167	347
471	189
44	532
371	513
455	104
167	304
523	362
455	399
455	182
382	96
487	139
41	53
439	49
567	85
116	623
455	185
496	552
615	448
567	207
439	341
439	603
567	459
167	362
487	357
439	45
151	553
455	353
439	501
496	585
41	142
455	194
166	513
439	518
252	527
567	242
467	382
427	382
567	232
455	163
487	120
41	458
487	128
567	201
62	382
167	125
382	452
455	597
595	448
167	87
382	32
439	63
44	395
439	250
439	278
487	441
439	535
439	112
564	170
381	186
439	412
567	229
567	496
68	183
567	157
252	251
439	254
109	63
196	553
487	212
583	567
455	212
151	402
564	565
496	306
439	121
567	98
567	263
392	182
487	613
392	183
439	132
567	128
439	580
523	117
487	506
430	382
564	588
14	487
167	329
68	141
439	525
439	20
567	5
256	382
439	591
47	97
44	20
471	183
96	496
439	371
382	513
455	325
167	410
167	288
567	252
555	439
567	306
382	369
439	220
496	174
567	147
588	567
70	445
496	392
567	279
496	566
567	426
625	261
382	49
496	97
141	402
455	437
439	487
439	190
382	524
482	381
439	578
439	2
455	559
439	463
496	275
151	382
455	144
496	565
439	37
382	18
331	382
81	615
382	194
479	70
382	493
567	450
187	167
496	20
191	513
487	458
439	230
252	516
47	183
487	336
167	503
496	470
392	445
482	522
382	150
523	522
455	462
496	258
439	483
439	351
382	55
167	400
567	499
264	235
487	155
455	357
167	259
496	560
47	235
552	513
382	179
567	101
439	363
567	75
392	522
439	312
392	257
382	425
439	397
455	543
439	513
455	150
382	157
455	473
292	489
487	118
382	465
564	151
292	567
439	264
455	428
167	427
41	306
318	252
487	87
439	56
439	274
382	159
455	306
252	484
567	165
439	90
382	570
564	452
439	609
439	419
167	312
182	513
264	183
482	182
439	68
439	519
567	400
48	186
487	15
567	366
487	306
439	476
439	567
567	300
455	544
455	197
567	224
439	248
567	437
439	236
382	212
439	226
455	289
252	490
455	169
117	252
455	208
482	99
625	615
496	195
439	166
167	202
496	191
439	11
382	520
151	523
167	265
439	88
496	548
487	122
560	382
439	398
567	332
496	53
455	123
41	257
536	186
382	472
151	10
487	472
567	312
439	561
567	4
382	427
567	171
567	471
55	382
382	123
109	554
41	470
382	389
167	21
382	335
567	513
552	252
455	175
487	424
167	582
167	245
505	41
588	47
167	111
567	1
439	296
567	150
496	466
439	187
439	566
167	86
567	563
167	148
487	240
493	382
439	27
167	247
439	545
439	468
117	513
487	273
258	382
439	442
623	10
487	267
455	332
615	141
439	385
439	584
623	141
496	460
141	41
567	175
439	379
382	185
455	152
455	366
279	439
41	596
439	107
567	283
48	513
567	264
167	348
252	186
455	136
455	192
115	167
455	308
48	523
567	592
382	560
448	340
392	527
567	68
41	254
382	169
252	304
167	209
455	156
392	195
482	68
439	408
167	144
47	174
567	576
392	470
455	23
455	246
89	382
382	615
567	589
564	89
439	149
567	544
487	193
455	404
382	421
455	87
455	476
439	163
482	571
439	305
261	10
487	560
382	300
167	175
252	320
487	204
567	336
552	186
167	623
482	513
455	290
567	582
167	252
567	406
588	183
382	532
439	178
482	487
167	619
439	114
41	97
382	206
439	583
487	329
567	569
567	415
284	496
439	618
167	610
439	352
205	382
439	550
455	372
567	120
382	420
41	139
439	471
567	69
487	611
439	505
402	482
455	218
192	487
439	556
487	159
418	513
487	470
382	582
252	258
382	575
567	441
439	388
439	281
567	386
567	76
455	427
455	121
496	332
567	351
382	99
487	377
382	89
455	113
527	141
151	567
382	586
439	212
439	326
41	167
487	607
455	415
439	380
595	458
455	254
536	179
44	288
617	10
496	407
567	431
567	9
455	490
496	49
167	602
167	365
252	102
167	52
174	235
523	306
567	156
155	567
564	159
496	252
567	309
439	361
496	528
382	413
487	413
392	275
439	299
47	102
567	158
496	235
487	53
392	97
487	145
487	292
439	173
567	292
252	179
252	417
354	141
439	162
439	575
109	615
567	478
482	195
623	235
382	418
439	393
455	240
382	429
167	429
535	41
564	110
41	617
455	549
354	382
496	11
567	458
439	411
439	70
505	567
252	306
439	180
439	500
567	367
439	316
439	340
496	3
167	121
167	611
455	201
455	51
567	562
439	64
252	74
382	170
439	450
382	252
439	436
455	53
496	164
439	512
496	169
439	537
559	513
482	516
392	496
496	70
567	345
455	76
439	38
567	329
167	191
439	153
167	314
240	382
167	564
567	378
439	542
439	198
487	116
482	179
455	167
252	38
116	167
439	315
382	439
439	415
183	326
167	484
496	623
439	417
455	321
564	262
167	36
439	381
382	108
455	273
167	170
191	536
167	208
439	400
567	470
439	515
141	116
455	507
439	249
439	259
68	402
382	347
104	167
567	247
151	235
252	513
455	298
567	453
167	96
99	496
455	128
44	169
487	567
439	189
496	362
567	95
439	138
167	297
458	306
439	175
382	158
439	623
455	67
611	513
439	77
487	564
567	288
382	216
402	439
513	108
455	349
44	484
487	383
567	303
382	72
567	155
167	115
167	135
455	116
482	458
439	71
382	479
382	506
47	455
279	567
482	139
439	504
382	221
174	186
41	448
392	516
455	499
567	15
567	79
99	382
191	183
553	179
44	407
487	201
455	49
487	151
455	506
116	141
533	595
44	393
439	541
487	64
487	476
439	313
382	345
625	63
455	388
622	70
439	6
44	382
117	235
567	53
382	553
567	428
439	378
439	521
567	273
439	4
439	538
167	601
567	213
462	439
392	490
487	268
252	532
455	86
109	482
167	486
455	565
455	433
167	85
496	212
167	207
167	159
392	70
567	245
252	47
567	624
439	530
302	183
567	170
482	402
567	554
564	55
439	572
439	269
567	148
462	567
167	42
496	320
482	567
482	592
439	423
174	496
567	116
44	188
455	624
44	318
439	126
426	252
496	72
439	125
439	551
496	516
392	34
439	373
252	592
567	348
382	377
439	199
439	474
439	119
439	22
615	109
151	252
426	487
588	626
623	186
625	482
439	223
497	513
487	337
487	619
567	304
455	493
151	595
567	196
264	567
382	348
439	21
482	235
382	225
439	536
496	145
382	620
455	61
439	627
196	179
526	439
482	626
183	458
439	13
496	593
455	187
439	145
487	479
439	350
439	402
567	280
141	487
261	141
455	214
167	604
252	318
487	144
567	433
439	557
41	187
455	145
479	382
167	562
382	208
48	70
536	444
167	183
183	306
439	177
487	85
167	425
536	306
567	166
252	48
439	91
567	192
455	377
439	201
567	270
439	614
167	384
455	134
167	450
455	449
482	536
439	346
439	57
151	487
167	123
252	199
487	482
455	70
439	257
567	18
567	593
455	126
382	306
487	170
548	235
567	605
4	623
439	35
167	273
151	167
235	513
487	8
264	487
392	117
167	201
382	197
567	476
167	141
455	125
567	89
453	513
496	56
167	212
187	448
482	109
536	454
455	582
496	141
382	129
167	508
439	83
523	596
567	602
567	217
99	252
292	553
196	567
567	493
392	81
523	125
382	235
455	564
27	513
392	625
167	515
167	215
567	189
250	252
567	234
392	63
455	443
155	183
392	306
382	338
141	182
382	597
482	124
471	439
439	150
455	441
439	54
567	588
205	513
439	440
455	338
284	513
439	44
455	465
212	382
252	332
439	282
382	117
167	306
487	579
455	421
448	186
455	135
567	561
496	596
455	270
487	333
487	104
455	117
625	536
167	19
167	617
567	382
439	547
567	111
392	572
41	125
354	567
382	562
455	362
482	306
439	470
455	593
167	234
151	63
167	185
567	381
351	382
478	489
439	42
482	444
201	567
117	382
455	158
619	567
513	596
382	67
455	89
167	186
99	235
567	57
455	259
141	139
167	118
252	395
513	258
439	503
48	382
564	472
487	18
439	31
567	230
513	179
439	50
567	559
439	526
392	174
48	496
439	621
523	108
392	592
439	222
439	510
167	23
439	374
439	594
382	407
167	229
167	49
47	151
536	251
523	458
455	69
439	606
41	330
439	127
252	250
439	481
455	200
496	418
487	196
482	494
382	258
201	439
560	496
455	304
252	381
382	453
439	285
439	327
567	505
252	288
487	68
41	10
567	20
455	101
252	466
567	335
567	135
567	623
496	382
167	169
167	433
523	513
523	365
513	72
564	251
439	494
167	491
439	401
392	20
382	486
439	625
284	235
496	611
567	144
439	286
167	89
567	439
439	539
455	386
567	143
567	420
439	322
382	75
167	98
567	579
487	28
426	439
455	28
235	381
455	165
41	364
567	611
167	231
455	267
167	570
487	4
567	265
439	555
402	610
167	588
382	200
487	546
616	439
382	44
487	20
167	35
382	182
455	227
167	470
155	382
439	252
41	303
496	82
167	612
567	290
487	558
617	141
382	356
455	303
47	565
167	233
487	419
623	64
439	210
564	493
167	472
392	102
536	176
513	516
382	365
167	453
496	592
183	497
567	200
455	610
567	105
455	48
439	95
523	68
487	370
487	213
439	496
439	251
567	145
567	340
439	355
564	292
496	183
116	615
455	484
439	560
167	349
439	394
151	70
588	402
167	567
455	410
455	368
174	482
141	623
623	169
567	291
567	52
167	420
402	119
455	193
439	485
455	119
455	434
439	167
382	240
167	246
455	333
167	300
167	340
567	121
496	184
49	513
167	559
382	559
455	365
382	110
426	489
439	146
567	231
567	86
455	403
392	191
567	267
167	206
382	489
487	140
4	382
567	362
583	487
252	497
482	141
567	447
382	480
439	565
496	18
49	235
167	505
567	452
439	94
167	116
68	439
455	256
151	623
167	471
382	357
44	30
167	462
448	179
455	160
141	436
487	57
548	513
487	262
588	553
167	553
382	565
439	43
439	616
439	532
439	444
382	256
195	513
191	554
382	85
567	610
455	448
439	164
567	48
167	368
439	358
151	536
167	139
292	141
567	560
167	66
174	252
567	353
439	7
196	489
487	516
482	625
439	192
478	382
564	447
455	576
151	626
439	253
439	200
250	496
567	490
382	152
455	9
455	191
455	52
392	252
392	39
182	252
439	376
167	292
478	44
567	570
455	232
167	406
455	230
96	513
382	193
235	186
567	72
192	141
478	124
381	235
167	182
527	513
588	513
439	568
567	212
567	268
523	516
496	29
455	495
258	439
392	458
455	312
448	615
496	133
496	522
523	258
167	605
455	351
167	15
496	482
48	179
391	439
41	141
382	602
141	303
439	24
264	70
44	228
99	513
513	454
235	179
382	230
382	105
439	275
155	252
44	480
455	183
252	596
439	328
439	301
567	125
487	427
183	624
567	151
392	125
439	279
439	457
439	78
487	334
382	331
252	235
455	602
44	245
439	255
567	475
567	612
567	359
47	490
567	619
455	252
455	68
623	179
564	439
567	558
455	560
382	593
382	328
167	213
439	323
151	513
439	329
426	567
167	137
382	406
44	542
439	391
252	377
439	256
151	186
167	152
439	456
382	20
496	157
382	100
167	9
439	237
487	175
183	91
564	30
141	426
567	564
382	619
439	531
439	349
567	462
496	416
552	496
439	60
455	562
439	310
567	141
455	139
487	134
496	138
44	7
167	332
487	454
567	354
482	102
47	527
402	212
117	554
496	179
117	523
439	445
439	324
192	567
535	615
567	465
448	10
482	360
439	460
567	19
567	193
167	28
487	9
496	245
455	97
155	189
439	295
134	167
167	309
382	224
123	382
455	414
382	372
567	256
564	230
70	320
4	252
496	588
392	176
455	233
536	183
292	487
487	288
302	141
567	103
41	505
41	340
536	615
155	487
567	317
487	433
439	462
439	314
455	367
439	258
392	109
439	492
392	381
264	47
382	336
141	119
252	174
439	607
439	466
182	70
439	179
167	565
548	70
567	429
167	240
382	577
382	246
439	403
44	185
47	592
439	109
167	624
496	182
487	154
455	330
52	382
439	365
513	489
167	382
392	56
382	475
567	534
167	1
455	62
448	183
496	117
487	348
487	49
47	496
167	120
196	141
439	356
402	139
439	136
448	623
496	110
187	303
487	431
167	76
503	567
382	201
141	448
482	145
625	382
382	522
487	471
567	482
487	505
382	265
167	104
187	145
167	333
567	55
567	42
496	479
487	251
167	192
455	142
455	19
455	384
536	377
166	70
439	336
567	508
567	49
439	304
567	506
116	567
567	102
455	604
382	136
455	202
615	536
252	611
445	70
167	353
252	185
44	454
167	495
167	194
382	62
167	574
439	488
192	382
382	262
487	478
439	106
487	585
487	245
487	586
439	244
392	479
439	185
455	429
439	176
252	454
252	393
439	528
167	335
567	586
439	592
482	288
439	448
567	136
567	191
439	554
439	203
567	289
455	599
523	195
567	479
455	337
567	186
455	288
455	245
455	45
567	115
623	458
564	502
382	141
455	81
167	569
455	458
567	466
439	311
623	163
487	141
252	70
183	184
455	148
41	81
487	259
382	176
187	139
439	182
439	181
567	38
439	600
501	439
439	595
567	399
513	235
567	14
439	514
487	532
487	14
532	179
439	458
455	589
523	48
567	185
487	95
455	336
382	478
382	467
439	382
402	470
258	496
487	35
392	535
117	536
44	478
567	337
567	87
392	11
382	428
462	382
535	63
439	65
482	535
487	192
455	242
535	536
567	604
567	410
439	615
47	186
487	415
455	563
41	252
487	414
615	81
167	267
439	142
487	583
455	356
482	151
567	174
151	124
487	513
439	139
382	186
567	349
167	458
426	382
167	41
567	608
567	597
496	484
567	91
536	184
44	191
292	186
439	581
117	261
496	400
382	288
141	306
439	92
455	115
505	252
567	113
167	303
439	241
573	513
439	390
439	335
117	439
455	118
439	152
564	454
455	98
382	30
439	238
167	136
567	154
167	61
588	261
455	291
496	340
439	435
252	275
167	150
167	166
262	513
41	43
187	362
567	35
44	497
14	567
382	502
382	192
382	161
455	426
439	26
487	351
567	204
455	478
439	116
382	145
167	452
567	258
439	571
264	623
392	166
252	480
439	540
453	382
536	93
560	513
523	145
439	375
252	145
382	499
382	604
567	227
623	454
487	365
44	252
455	486
455	553
382	103
455	206
567	139
487	404
567	356
392	466
252	30
382	304
615	56
167	437
567	454
64	523
567	214
513	195
487	428
455	11
382	395
567	167
120	382
99	186
487	340
455	329
523	179
167	449
167	261
439	268
402	68
402	458
487	303
284	186
382	191
382	209
382	400
536	513
47	588
567	532
439	227
567	118
359	513
487	508
167	330
455	239
382	48
455	382
382	515
151	439
439	205
487	439
455	35
439	498
567	464
564	338
439	377
183	572
196	252
439	288
217	567
439	611
455	475
455	612
567	23
141	470
487	466
109	10
496	186
118	567
439	12
382	195
455	57
455	472
38	252
182	141
479	252
439	332
455	453
455	348
382	362
455	26
382	351
496	304
4	513
482	596
252	365
482	489
567	583
455	36
439	48
496	229
439	271
487	125
499	382
577	382
167	428
455	265
564	209
458	10
151	615
496	506
167	386
478	235
487	353
382	8
167	224
167	465
167	113
487	604
513	611
455	15
264	252
261	306
455	171
167	535
455	317
439	58
382	270
382	25
523	119
167	399
496	402
167	103
523	64
455	47
536	109
354	252
166	179
151	41
523	448
564	252
567	117
81	536
439	469
392	250
44	304
47	252
167	479
382	393
167	337
439	87
482	496
146	536
141	523
439	33
382	424
455	534
392	288
567	455
588	141
292	167
439	191
567	487
70	250
496	537
167	597
439	480
252	150
47	458
588	496
455	309
567	535
99	482
567	472
382	447
439	16
46	567
567	407
567	515
567	314
455	567
252	458
439	260
487	565
455	216
455	42
439	359
151	189
516	513
382	138
455	396
439	141
588	382
496	150
439	47
151	141
392	145
183	272
439	184
455	471
167	544
439	80
382	309
567	104
382	535
567	182
564	382
252	362
252	522
167	289
167	414
455	292
496	513
382	612
455	207
455	406
382	116
187	254
205	439
496	48
382	251
167	356
141	68
567	357
564	245
567	384
252	125
567	194
141	567
64	623
44	277
595	139
382	79
487	44
567	372
359	439
167	134
567	202
382	280
167	156
439	81
496	288
167	158
482	174
455	378
439	53
212	567
448	536
167	165
392	552
167	67
382	325
455	280
439	104
567	333
455	619
201	382
455	229
496	250
496	445
151	47
439	117
48	235
151	44
567	365
167	476
479	235
167	62
496	520
252	182
382	509
496	15
552	235
167	290
455	503
455	407
292	252
439	266
455	508
567	607
382	538
47	11
382	19
133	513
455	1
567	216
382	433
439	75
382	289
455	558
382	378
167	378
167	372
619	167
487	195
487	392
567	126
306	458
567	546
439	517
167	586
47	381
258	523
167	388
452	382
426	141
487	252
439	168
439	99
487	610
167	338
567	419
455	608
455	489
157	186
567	240
448	595
455	425
167	193
487	143
439	344
439	196
392	571
41	56
615	91
496	102
496	139
141	288
382	516
567	434
567	206
455	450
487	590
439	272
252	445
44	377
439	438
439	309
439	585
536	63
167	142
252	108
382	231
455	570
455	420
455	470
567	208
455	234
439	446
455	159
455	345
382	596
382	388
439	461
487	76
234	382
439	308
487	148
553	382
439	527
455	247
623	227
439	134
455	186
191	179
382	234
382	291
567	536
211	70
151	261
252	245
617	167
455	515
567	338
183	536
117	10
167	48
116	382
623	306
382	564
567	64
487	382
382	15
448	141
455	231
496	454
439	293
167	434
496	529
382	611
487	86
439	387
439	593
439	283
455	215
155	439
462	487
382	113
167	298
455	611
439	564
455	111
535	482
167	357
455	131
496	381
261	179
567	449
487	462
116	183
567	522
536	578
167	254
523	141
167	53
439	243
455	141
588	554
487	156
439	490
523	559
455	300
567	44
167	270
455	224
487	126
567	259
252	157
567	46
382	125
439	342
536	511
439	30
567	169
513	560
81	63
167	171
382	120
487	453
167	145
496	75
382	188
455	479
41	119
439	204
513	522
455	179
567	486
167	214
479	179
151	489
167	377
382	484
455	209
462	141
4	487
567	159
567	123
439	294
487	52
108	513
371	439
455	505
439	120
439	339
624	183
567	195
439	73
167	232
439	183
392	332
96	382
523	623
167	51
382	454
151	179
382	52
4	261
564	19
567	197
426	167
455	66
567	388
196	382
439	405
567	152
439	413
455	535
96	523
482	219
497	183
623	497
487	584
382	207
167	599
392	611
536	572
455	103
455	335
167	493
567	28
439	449
141	458
439	319
567	209
167	128
455	623
455	439
496	108
382	283
167	200
439	343
482	613
455	137
252	191
99	70
382	232
439	478
536	191
439	15
496	417
455	496
439	617
496	527
455	283
167	317
167	448
